62
55	57
N	0	0	0	0	0
D	1	0	0	1	0
O	31	0	7	0	1	k	54	55
O	33	0	9	0	0	k	54	55
D	1	0	0	5	0
N	49	0	0	6	4
N	48	0	12	0	5
O	30	2	0	8	0	k	54	55
O	29	0	14	9	7	k	54	55
O	32	3	0	10	8	k	54	55
D	1	0	0	11	9
O	40	0	15	0	10	k	54	55
N	47	6	18	0	0
N	25	0	20	0	0
O	28	8	21	0	0	k	54	55
O	39	11	23	16	0	k	54	55
O	41	0	0	17	15	k	54	55
N	42	0	24	18	16
N	45	12	25	19	17
O	46	0	0	0	18	d	56	57
N	24	13	26	0	0
O	28	14	28	0	0	k	54	55
O	37	0	30	23	0	k	54	55
O	38	15	31	0	22	k	54	55
N	43	17	0	25	0
N	44	18	32	0	24
N	23	20	34	27	0
N	26	0	0	28	26
O	27	21	35	29	27	k	54	55
O	34	0	36	30	28	k	54	55
O	36	22	0	31	29	k	54	55
D	1	23	37	0	30
N	50	25	0	33	0
N	51	0	39	0	32
N	22	26	40	0	0
D	1	28	0	36	0
O	35	29	0	0	35	k	54	55
N	16	31	0	38	0
N	15	0	43	0	37
N	52	33	44	0	0
N	21	34	0	41	0
N	20	0	45	0	40
N	6	0	48	0	0
N	14	38	50	0	0
N	52	39	52	0	0
N	17	41	54	46	0
N	7	0	0	47	45
N	4	0	55	48	46
N	5	42	0	49	47
N	7	0	0	50	48
N	8	43	0	51	49
N	9	0	56	0	50
N	53	44	0	0	0
N	19	0	0	54	0
N	18	45	0	0	53
N	2	47	57	0	0
N	10	51	59	0	0
N	3	55	0	0	0
N	12	0	0	59	0
N	11	56	0	60	58
N	13	0	0	61	59
D	1	0	0	0	60
