129
61	45
N	0	0	0	0	0
N	1	0	3	2	0
O	2	0	4	0	1	P	130	131
O	3	1	5	0	0	H	132	133
O	4	2	6	0	0	G	134	135
D	5	3	0	0	0
O	6	4	9	0	0	K	136	137
D	7	0	11	0	0
D	8	27	0	0	0
N	9	6	39	0	34
N	10	0	0	11	35
O	11	7	0	0	10	V	209	210
N	12	0	0	13	0
N	13	0	0	14	12
N	13	0	0	15	13
N	13	0	0	16	14
N	16	0	51	0	15
O	17	0	0	18	0	C	140	141
O	18	0	53	0	17	C	140	141
N	19	0	25	0	0
O	20	0	26	0	0	A	142	143
N	21	17	0	0	0
O	22	0	29	0	0	s	144	145
O	23	0	54	24	0	d	146	147
O	24	0	0	0	23	d	146	147
N	25	19	31	0	0
N	26	20	33	27	0
O	27	0	8	0	26	m	148	149
N	28	0	30	0	0
O	29	22	0	30	0	M	150	151
N	30	28	36	0	29
N	31	25	0	32	64
N	32	0	0	33	31
N	33	26	37	0	32
O	34	0	0	9	0	B	152	153
O	35	0	0	10	65	E	154	155
N	36	30	0	68	0
N	37	33	42	38	0
O	38	0	0	0	37	r	156	157
O	39	9	0	0	71	j	158	159
N	40	67	43	0	72
N	41	69	44	0	0
D	42	37	0	0	0
O	43	40	0	0	0	p	160	161
O	44	41	0	0	0	g	162	163
O	45	0	50	0	0	t	207	208
O	46	0	52	47	0	N	164	165
O	47	0	0	0	46	N	164	165
D	48	0	0	49	0
N	49	0	55	0	48
N	50	45	63	51	0
O	51	16	0	0	50	f	166	167
N	52	46	0	53	0
N	53	18	59	54	52
N	54	23	0	55	53
N	55	49	61	0	54
N	56	0	64	57	0
D	57	0	0	0	56
O	58	0	65	59	0	M	170	171
N	59	53	66	0	58
N	60	0	67	61	79
N	61	55	68	62	60
O	62	0	0	63	61	k	168	169
N	63	50	69	64	62
N	64	56	0	31	63
O	65	58	0	35	0	w	204	205
O	66	59	0	0	0	h	172	173
N	67	60	40	0	0
N	68	61	0	0	36
N	69	63	41	70	0
O	70	0	0	0	69	?	174	175
O	71	93	0	39	0	E	154	155
N	72	0	0	40	0
O	73	0	75	0	0	F	178	179
N	74	0	76	0	84
N	75	73	78	76	0
N	76	74	79	77	75
N	77	0	0	0	76
N	78	75	80	90	0
N	79	76	81	60	0
N	80	78	0	81	0
N	81	79	83	82	80
N	82	0	0	0	81
N	83	81	0	0	0
N	84	0	86	74	0
N	85	0	87	0	0
N	86	84	93	102	0
N	87	85	90	0	0
N	88	0	0	89	0
O	89	0	92	0	88	b	180	181
N	90	87	94	91	78
N	91	103	95	92	90
O	92	89	96	0	91	b	180	181
O	93	86	71	0	0	L	188	189
O	94	90	0	108	0	l	182	183
O	95	91	0	0	0	v	184	185
D	96	92	0	0	0
N	97	0	0	98	0
N	98	107	0	0	97
N	99	0	101	0	0
N	100	0	102	0	0
N	101	0	104	0	0
N	102	100	105	0	86
O	103	0	91	0	0	R	186	187
N	104	101	106	105	0
N	105	102	107	0	104
N	106	104	109	118	0
N	107	105	98	0	0
O	108	0	0	0	94	l	182	183
O	109	106	0	110	0	e	190	191
O	110	0	0	0	109	?	192	193
O	111	0	0	114	0	a	194	195
N	112	0	114	0	121
N	113	99	115	0	0
N	114	112	116	0	111
N	115	113	117	116	0
N	116	114	118	0	115
N	117	115	127	0	0
N	118	116	120	0	106
D	119	0	0	120	0
N	120	118	0	0	119
O	121	0	0	112	0	c	196	197
O	122	0	125	123	0	S	198	199
O	123	0	0	0	122	S	198	199
D	124	0	0	125	0
O	125	122	128	126	124	B	200	201
D	124	0	0	0	125
O	127	117	0	128	0	m	202	203
O	128	125	0	0	127	K	206	139
